x0 = 0.0211006681052197
x1 = 0.0142203599652245
x2 = 0.0159436143582596
x3 = 0.0176290223618382
x4 = 0.0099880273170677
x5 = 0.0146851656500665
x6 = 0.0129876086654239
x7 = 0.0121641557243757
x8 = 0.0152442263556428
x9 = 0.0126742517153858
x10 = 0.0138681388421481
x11 = 0.0140945085707096
x12 = 0.0128076267715461
x13 = 0.0141159291012948
x14 = 0.0133820305915898
x15 = 0.0133941351606664
x16 = 0.0139266469194198
x17 = 0.0132832294271319
x18 = 0.0137050232280658
x19 = 0.0136312329120274
x20 = 0.0134196221072796
x21 = 0.0137296785663688
x22 = 0.0134948299611228
x23 = 0.0135680601975721
x24 = 0.0136454357853093
x25 = 0.0134953652742372
x26 = 0.0136296280612656
x27 = 0.0135684458625622
x28 = 0.0135449149969627
x29 = 0.0136253188830662
x30 = 0.0135346998502064
x31 = 0.0135927644456062
x32 = 0.0135927644456062
x33 = 0.0135346998502064
x34 = 0.0136253188830662
x35 = 0.0135449149969627
x36 = 0.0135684458625622
x37 = 0.0136296280612656
x38 = 0.0134953652742372
x39 = 0.0136454357853093
x40 = 0.0135680601975721
x41 = 0.0134948299611228
x42 = 0.0137296785663688
x43 = 0.0134196221072796
x44 = 0.0136312329120274
x45 = 0.0137050232280658
x46 = 0.0132832294271319
x47 = 0.0139266469194198
x48 = 0.0133941351606664
x49 = 0.0133820305915898
x50 = 0.0141159291012948
x51 = 0.0128076267715461
x52 = 0.0140945085707096
x53 = 0.0138681388421481
x54 = 0.0126742517153858
x55 = 0.0152442263556428
x56 = 0.0121641557243757
x57 = 0.0129876086654239
x58 = 0.0146851656500665
x59 = 0.0099880273170677
x60 = 0.0176290223618382
x61 = 0.0159436143582596
x62 = 0.0142203599652245
x63 = 0.0211006681052197
