Solution:
x0 = 0.19427710245217178
x1 = 0.13092968265142252
x2 = 0.1467944963541591
x3 = 0.16231160982267487
x4 = 0.09196291577287274
x5 = 0.135208150576613
x6 = 0.11957935374926175
x7 = 0.11199702048767472
x8 = 0.14035239190478302
x9 = 0.11669810175524394
x10 = 0.12768423108753182
x11 = 0.12976725590682162
x12 = 0.11792744878021887
x13 = 0.12996200549844666
x14 = 0.12321596138428019
x15 = 0.12332292826723758
x16 = 0.12821345866390635
x17 = 0.12231791473956709
x18 = 0.1261678280014195
x19 = 0.12550834196153535
x20 = 0.12357307099581247
x21 = 0.1263768403987407
x22 = 0.12428594154323601
x23 = 0.12490507856310241
x24 = 0.12561641313852973
x25 = 0.12431557882732124
x26 = 0.1254125998806065
x27 = 0.12496750493620438
x28 = 0.12474655022418295
x29 = 0.1253290471681399
x30 = 0.12477118905702672
x31 = 0.12505372834525233
x32 = 0.12509793045735393
x33 = 0.12485150264358752
x34 = 0.12511510733800904
x35 = 0.12496886255940393
x36 = 0.12496300427349065
x37 = 0.12505892845913716
x38 = 0.12495527029734782
x39 = 0.12500672171582153
x40 = 0.12501094244284403
x41 = 0.1249791517624468
x42 = 0.12500794589156006
x43 = 0.12499749886381822
x44 = 0.12499491833732089
x45 = 0.1250028215450461
x46 = 0.12499845088690699
x47 = 0.12499986900447314
x48 = 0.12500102351126363
x49 = 0.12500021786129545
x50 = 0.12500075830991042
x51 = 0.1250008355168554
x52 = 0.12500077354378092
x53 = 0.1250008566897217
x54 = 0.1250008566897217
x55 = 0.1250008566897217
x56 = 0.12500086262871746
x57 = 0.12500086262871746
x58 = 0.12500086262871746
x59 = 0.12500086262871746
x60 = 0.12500086262871746
x61 = 0.12500086262871746
x62 = 0.12500086262871746
x63 = 0.12500086262871746
x64 = 0.12500086262871746
x65 = 0.12500086262871746
x66 = 0.12500086262871746
x67 = 0.12500086262871746
x68 = 0.12500086262871746
x69 = 0.12500086262871746
x70 = 0.12500086262871746
x71 = 0.12500086262871746
x72 = 0.1250008566897217
x73 = 0.1250008566897217
x74 = 0.1250008566897217
x75 = 0.12500077354378092
x76 = 0.1250008355168554
x77 = 0.12500075830991042
x78 = 0.12500021786129545
x79 = 0.12500102351126363
x80 = 0.12499986900447314
x81 = 0.12499845088690699
x82 = 0.1250028215450461
x83 = 0.12499491833732089
x84 = 0.12499749886381822
x85 = 0.12500794589156006
x86 = 0.1249791517624468
x87 = 0.12501094244284403
x88 = 0.12500672171582153
x89 = 0.12495527029734782
x90 = 0.12505892845913716
x91 = 0.12496300427349065
x92 = 0.12496886255940393
x93 = 0.12511510733800904
x94 = 0.12485150264358752
x95 = 0.12509793045735393
x96 = 0.12505372834525233
x97 = 0.12477118905702672
x98 = 0.1253290471681399
x99 = 0.12474655022418295
x100 = 0.12496750493620438
x101 = 0.1254125998806065
x102 = 0.12431557882732124
x103 = 0.12561641313852973
x104 = 0.12490507856310241
x105 = 0.12428594154323601
x106 = 0.1263768403987407
x107 = 0.12357307099581247
x108 = 0.12550834196153535
x109 = 0.1261678280014195
x110 = 0.12231791473956709
x111 = 0.12821345866390635
x112 = 0.12332292826723758
x113 = 0.12321596138428019
x114 = 0.12996200549844666
x115 = 0.11792744878021887
x116 = 0.12976725590682162
x117 = 0.12768423108753182
x118 = 0.11669810175524394
x119 = 0.14035239190478302
x120 = 0.11199702048767472
x121 = 0.11957935374926175
x122 = 0.135208150576613
x123 = 0.09196291577287274
x124 = 0.16231160982267487
x125 = 0.1467944963541591
x126 = 0.13092968265142255
x127 = 0.19427710245217178
