Solution:
x0 = 0.1942767960038435
x1 = 0.13093020254639698
x2 = 0.14679490729016667
x3 = 0.1623113169610687
x4 = 0.09196261425160905
x5 = 0.13520748646981184
x6 = 0.11957885040027372
x7 = 0.11199721217522747
x8 = 0.14035394227976727
x9 = 0.11669838709350062
x10 = 0.12768499361231464
x11 = 0.12976703974328807
x12 = 0.11792601898725422
x13 = 0.1299600288561693
x14 = 0.12321574724323141
x15 = 0.12332361823467311
x16 = 0.12821491135578666
x17 = 0.12231973192128147
x18 = 0.1261683711374902
x19 = 0.12550782689379109
x20 = 0.12357098727407986
x21 = 0.12637776006989476
x22 = 0.12428320892835176
x23 = 0.12490571728548544
x24 = 0.12561555086169615
x25 = 0.12431503266099514
x26 = 0.12541531586287227
x27 = 0.12497054308982697
x28 = 0.12474606084137672
x29 = 0.12533124136261234
x30 = 0.12476995222810244
x31 = 0.12505073425344482
x32 = 0.1250984200538571
x33 = 0.1248439901815442
x34 = 0.12512289876368618
x35 = 0.12495814751787727
x36 = 0.12496553559060428
x37 = 0.12507147744328584
x38 = 0.12493631645606675
x39 = 0.12502824092019382
x40 = 0.12500981156356228
x41 = 0.12496825017639311
x42 = 0.12503211485196425
x43 = 0.12498276163344413
x44 = 0.12499872836578566
x45 = 0.12501359237459142
x46 = 0.12498421549642849
x47 = 0.12500986811499182
x48 = 0.12499891903339344
x49 = 0.12499444085956016
x50 = 0.12500755828365426
x51 = 0.12499463281720855
x52 = 0.12500128953704265
x53 = 0.12500216063112096
x54 = 0.12499648354799159
x55 = 0.12500275129580277
x56 = 0.1249991247974237
x57 = 0.12499915211487556
x58 = 0.12500158805253547
x59 = 0.12499875503851657
x60 = 0.12500031443836082
x61 = 0.1250005067019053
x62 = 0.1249992664956783
x63 = 0.12500032493201774
x64 = 0.12500034680910296
x65 = 0.12499925455902816
x66 = 0.125000502955716
x67 = 0.1250003327322889
x68 = 0.12499873018292545
x69 = 0.12500160774425584
x70 = 0.1249991477566608
x71 = 0.12499911047808004
x72 = 0.12500277830915724
x73 = 0.12499645704592428
x74 = 0.12500217250973295
x75 = 0.1250012996916358
x76 = 0.12499460466071506
x77 = 0.1250075901965846
x78 = 0.12499442248882936
x79 = 0.1249989130403816
x80 = 0.1250098962656176
x81 = 0.12498417992502797
x82 = 0.12501361584595344
x83 = 0.12499873039515878
x84 = 0.12498273467290565
x85 = 0.1250321521240806
x86 = 0.12496822325200416
x87 = 0.1250098130985483
x88 = 0.12502826559928998
x89 = 0.12493627946450689
x90 = 0.12507150604745249
x91 = 0.12496553109167056
x92 = 0.12495812598472816
x93 = 0.12512293366414917
x94 = 0.12484396164948146
x95 = 0.12509842673681335
x96 = 0.12505075211290373
x97 = 0.12476992088137057
x98 = 0.1253312682429095
x99 = 0.12474605287971055
x100 = 0.12497052903792814
x101 = 0.12541534267014154
x102 = 0.12431500870340206
x103 = 0.12561555915992867
x104 = 0.12490572777542107
x105 = 0.12428318711388242
x106 = 0.12637778024361693
x107 = 0.12357097950549883
x108 = 0.1255078194289163
x109 = 0.12616838800731303
x110 = 0.12231971593693561
x111 = 0.12821491791993195
x112 = 0.12332362335710739
x113 = 0.12321573488212419
x114 = 0.1299600406789176
x115 = 0.11792601402033409
x116 = 0.12976703630614145
x117 = 0.12768500211228692
x118 = 0.11669837906344359
x119 = 0.14035394557804426
x120 = 0.1119972144016501
x121 = 0.11957884510680286
x122 = 0.1352074912692577
x123 = 0.09196261240172154
x124 = 0.16231131576184016
x125 = 0.14679490984903187
x126 = 0.13093020039247277
x127 = 0.19427679680145143
